0 0 0 0 0 0 0 0 0 0 0 0 0 0
1 2 4 6 19 8 19 19 12 19 14 17 1 19
2 2 2 3 3 3 3 3 3 3 3 3 3 3
3 1 1 1 1 1 1 1 1 1 1 1 1 1 
4 5 4 5 5 5 5 5 5 5 5 5 5 5 
5 1 1 1 1 1 1 1 1 1 1 1 1 1 
6 6 6 6 7 6 6 6 6 6 6 6 6 6 
7 1 1 1 1 1 1 1 1 1 1 1 1 1 
8 20 20 20 20 20 9 20 20 20 20 20 20 20 
9 9 9 9 9 9 10 9 9 9 9 9 9 9 
10 9 9 9 9 9 9 11 9 9 9 9 9 9 
11 1 1 1 1 1 1 1 1 1 1 1 1 1 
12 20 20 20 20 20 20 20 20 13 20 20 20 20
13 1 1 1 1 1 1 1 1 1 1 1 1 1 
14 20 20 20 20 20 20 20 20 15 20 16 20 20
15 1 1 1 1 1 1 1 1 1 1 1 1 1 
16 1 1 1 1 1 1 1 1 1 1 1 1 1 
17 20 20 20 20 20 20 20 20 18 20 20 20 20 
18 1 1 1 1 1 1 1 1 1 1 1 1 1 
19 1 1 1 1 1 1 1 1 1 1 1 1 1 
20 1 1 1 1 1 1 1 1 1 1 1 1 1 
